2024-09-09 18:17:47.979971 | errore alla linea 0 del database : non è stato possibile modificare i punti dell' utente Alunna/o della classe Classe. Controlla se ci sono errori nella scrittura del suo nome o se non è stato aggiunto ad una classe nel corrispettivo foglio .xlsx
2024-09-09 18:17:47.980112 | errore alla linea 1 del database : La riga corrente e' vuota
2024-09-09 18:17:47.980547 | errore alla linea 3 del database : La riga corrente e' vuota
2024-09-09 18:17:47.981207 | errore alla linea 5 del database : La riga corrente e' vuota
2024-09-09 18:17:47.981622 | errore alla linea 7 del database : La riga corrente e' vuota
2024-09-09 18:17:47.982010 | errore alla linea 9 del database : La riga corrente e' vuota
2024-09-09 18:17:47.982387 | errore alla linea 11 del database : La riga corrente e' vuota
2024-09-09 18:17:47.982749 | errore alla linea 13 del database : La riga corrente e' vuota
2024-09-09 18:17:47.983103 | errore alla linea 15 del database : La riga corrente e' vuota
2024-09-09 18:17:47.983450 | errore alla linea 17 del database : La riga corrente e' vuota
2024-09-09 18:17:47.983796 | errore alla linea 19 del database : La riga corrente e' vuota
2024-09-09 18:17:47.984148 | errore alla linea 21 del database : La riga corrente e' vuota
2024-09-09 18:17:47.984495 | errore alla linea 23 del database : La riga corrente e' vuota
2024-09-09 18:17:47.984838 | errore alla linea 25 del database : La riga corrente e' vuota
2024-09-09 18:17:47.985181 | errore alla linea 27 del database : La riga corrente e' vuota
2024-09-09 18:17:47.985522 | errore alla linea 29 del database : La riga corrente e' vuota
2024-09-09 18:17:47.985862 | errore alla linea 31 del database : La riga corrente e' vuota
2024-09-09 18:17:47.986202 | errore alla linea 33 del database : La riga corrente e' vuota
2024-09-09 18:17:47.986541 | errore alla linea 35 del database : La riga corrente e' vuota
2024-09-09 18:17:47.986879 | errore alla linea 37 del database : La riga corrente e' vuota
2024-09-09 18:17:47.987218 | errore alla linea 39 del database : La riga corrente e' vuota
2024-09-09 18:17:47.987555 | errore alla linea 41 del database : La riga corrente e' vuota
2024-09-09 18:17:47.987893 | errore alla linea 43 del database : La riga corrente e' vuota
2024-09-09 18:17:47.988229 | errore alla linea 45 del database : La riga corrente e' vuota
2024-09-09 18:17:47.988567 | errore alla linea 47 del database : La riga corrente e' vuota
2024-09-09 18:17:47.988906 | errore alla linea 49 del database : La riga corrente e' vuota
2024-09-09 18:17:47.989244 | errore alla linea 51 del database : La riga corrente e' vuota
2024-09-09 18:17:47.989580 | errore alla linea 53 del database : La riga corrente e' vuota
2024-09-09 18:17:47.989917 | errore alla linea 55 del database : La riga corrente e' vuota
2024-09-09 18:17:47.990255 | errore alla linea 57 del database : La riga corrente e' vuota
2024-09-09 18:17:47.990592 | errore alla linea 59 del database : La riga corrente e' vuota
2024-09-09 18:17:47.990932 | errore alla linea 61 del database : La riga corrente e' vuota
2024-09-09 18:17:47.991276 | errore alla linea 63 del database : La riga corrente e' vuota
2024-09-09 18:17:47.991613 | errore alla linea 65 del database : La riga corrente e' vuota
2024-09-09 18:17:47.991952 | errore alla linea 67 del database : La riga corrente e' vuota
2024-09-09 18:17:47.992291 | errore alla linea 69 del database : La riga corrente e' vuota
2024-09-09 18:17:47.992631 | errore alla linea 71 del database : La riga corrente e' vuota
2024-09-09 18:17:47.992971 | errore alla linea 73 del database : La riga corrente e' vuota
2024-09-09 18:17:47.993311 | errore alla linea 75 del database : La riga corrente e' vuota
2024-09-09 18:17:47.993648 | errore alla linea 77 del database : La riga corrente e' vuota
2024-09-09 18:17:47.993985 | errore alla linea 79 del database : La riga corrente e' vuota
2024-09-09 18:17:47.994321 | errore alla linea 81 del database : La riga corrente e' vuota
2024-09-09 18:17:47.994658 | errore alla linea 83 del database : La riga corrente e' vuota
2024-09-09 18:17:47.994991 | errore alla linea 85 del database : La riga corrente e' vuota
2024-09-09 18:17:47.995376 | errore alla linea 87 del database : La riga corrente e' vuota
2024-09-09 18:17:47.995719 | errore alla linea 89 del database : La riga corrente e' vuota
2024-09-09 18:17:47.996062 | errore alla linea 91 del database : La riga corrente e' vuota
2024-09-09 18:17:47.996408 | errore alla linea 93 del database : La riga corrente e' vuota
2024-09-09 18:17:47.996754 | errore alla linea 95 del database : La riga corrente e' vuota
2024-09-09 18:17:47.997098 | errore alla linea 97 del database : La riga corrente e' vuota
2024-09-09 18:17:47.997441 | errore alla linea 99 del database : La riga corrente e' vuota
2024-09-09 18:17:47.997781 | errore alla linea 101 del database : La riga corrente e' vuota
2024-09-09 18:17:47.998124 | errore alla linea 103 del database : La riga corrente e' vuota
2024-09-09 18:17:47.998474 | errore alla linea 105 del database : La riga corrente e' vuota
2024-09-09 18:17:47.998844 | errore alla linea 107 del database : La riga corrente e' vuota
2024-09-09 18:17:47.999203 | errore alla linea 109 del database : La riga corrente e' vuota
2024-09-09 18:17:47.999552 | errore alla linea 111 del database : La riga corrente e' vuota
2024-09-09 18:17:47.999895 | errore alla linea 113 del database : La riga corrente e' vuota
2024-09-09 18:17:48.000252 | errore alla linea 115 del database : La riga corrente e' vuota
2024-09-09 18:17:48.000596 | errore alla linea 117 del database : La riga corrente e' vuota
2024-09-09 18:17:48.000940 | errore alla linea 119 del database : La riga corrente e' vuota
2024-09-09 18:17:48.001286 | errore alla linea 121 del database : La riga corrente e' vuota
2024-09-09 18:17:48.001629 | errore alla linea 123 del database : La riga corrente e' vuota
2024-09-09 18:17:48.001973 | errore alla linea 125 del database : La riga corrente e' vuota
2024-09-09 18:17:48.002324 | errore alla linea 127 del database : La riga corrente e' vuota
2024-09-09 18:17:48.002673 | errore alla linea 129 del database : La riga corrente e' vuota
2024-09-09 18:17:48.003018 | errore alla linea 131 del database : La riga corrente e' vuota
2024-09-09 18:17:48.003363 | errore alla linea 133 del database : La riga corrente e' vuota
2024-09-09 18:17:48.003707 | errore alla linea 135 del database : La riga corrente e' vuota
2024-09-09 18:17:48.004053 | errore alla linea 137 del database : La riga corrente e' vuota
2024-09-09 18:17:48.004397 | errore alla linea 139 del database : La riga corrente e' vuota
2024-09-09 18:17:48.004745 | errore alla linea 141 del database : La riga corrente e' vuota
2024-09-09 18:17:48.005098 | errore alla linea 143 del database : La riga corrente e' vuota
2024-09-09 18:17:48.005458 | errore alla linea 145 del database : La riga corrente e' vuota
2024-09-09 18:17:48.005810 | errore alla linea 147 del database : La riga corrente e' vuota
2024-09-09 18:17:48.006160 | errore alla linea 149 del database : La riga corrente e' vuota
2024-09-09 18:17:48.006526 | errore alla linea 151 del database : La riga corrente e' vuota
2024-09-09 18:17:48.006876 | errore alla linea 153 del database : La riga corrente e' vuota
2024-09-09 18:17:48.007228 | errore alla linea 155 del database : La riga corrente e' vuota
2024-09-09 18:17:48.007578 | errore alla linea 157 del database : La riga corrente e' vuota
2024-09-09 18:17:48.007929 | errore alla linea 159 del database : La riga corrente e' vuota
2024-09-09 18:17:48.008280 | errore alla linea 161 del database : La riga corrente e' vuota
2024-09-09 18:17:48.008635 | errore alla linea 163 del database : La riga corrente e' vuota
2024-09-09 18:17:48.008988 | errore alla linea 165 del database : La riga corrente e' vuota
2024-09-09 18:17:48.009338 | errore alla linea 167 del database : La riga corrente e' vuota
2024-09-09 18:17:48.009685 | errore alla linea 169 del database : La riga corrente e' vuota
2024-09-09 18:17:48.010033 | errore alla linea 171 del database : La riga corrente e' vuota
2024-09-09 18:17:48.010382 | errore alla linea 173 del database : La riga corrente e' vuota
2024-09-09 18:17:48.010785 | errore alla linea 175 del database : La riga corrente e' vuota
2024-09-09 18:17:48.011145 | errore alla linea 177 del database : La riga corrente e' vuota
2024-09-09 18:17:48.011503 | errore alla linea 179 del database : La riga corrente e' vuota
2024-09-09 18:17:48.011858 | errore alla linea 181 del database : La riga corrente e' vuota
2024-09-09 18:17:48.012218 | errore alla linea 183 del database : La riga corrente e' vuota
2024-09-09 18:17:48.012573 | errore alla linea 185 del database : La riga corrente e' vuota
2024-09-09 18:17:48.012945 | errore alla linea 187 del database : La riga corrente e' vuota
2024-09-09 18:17:48.013306 | errore alla linea 189 del database : La riga corrente e' vuota
2024-09-09 18:17:48.013664 | errore alla linea 191 del database : La riga corrente e' vuota
2024-09-09 18:17:48.014023 | errore alla linea 193 del database : La riga corrente e' vuota
2024-09-09 18:17:48.014379 | errore alla linea 195 del database : La riga corrente e' vuota
2024-09-09 18:17:48.014733 | errore alla linea 197 del database : La riga corrente e' vuota
2024-09-09 18:17:48.015094 | errore alla linea 199 del database : La riga corrente e' vuota
2024-09-09 18:17:48.015456 | errore alla linea 201 del database : La riga corrente e' vuota
2024-09-09 18:17:48.015809 | errore alla linea 203 del database : La riga corrente e' vuota
2024-09-09 18:17:48.016165 | errore alla linea 205 del database : La riga corrente e' vuota
2024-09-09 18:17:48.016527 | errore alla linea 207 del database : La riga corrente e' vuota
2024-09-09 18:17:48.016885 | errore alla linea 209 del database : La riga corrente e' vuota
2024-09-09 18:17:48.017237 | errore alla linea 211 del database : La riga corrente e' vuota
2024-09-09 18:17:48.017590 | errore alla linea 213 del database : La riga corrente e' vuota
2024-09-09 18:17:48.017935 | errore alla linea 215 del database : La riga corrente e' vuota
2024-09-09 18:17:48.018281 | errore alla linea 217 del database : La riga corrente e' vuota
2024-09-09 18:17:48.018630 | errore alla linea 219 del database : La riga corrente e' vuota
2024-09-09 18:17:48.018977 | errore alla linea 221 del database : La riga corrente e' vuota
2024-09-09 18:17:48.019321 | errore alla linea 223 del database : La riga corrente e' vuota
2024-09-09 18:17:48.019669 | errore alla linea 225 del database : La riga corrente e' vuota
2024-09-09 18:17:48.020016 | errore alla linea 227 del database : La riga corrente e' vuota
2024-09-09 18:17:48.020369 | errore alla linea 229 del database : La riga corrente e' vuota
2024-09-09 18:17:48.020719 | errore alla linea 231 del database : La riga corrente e' vuota
2024-09-09 18:17:48.021074 | errore alla linea 233 del database : La riga corrente e' vuota
2024-09-09 18:17:48.021427 | errore alla linea 235 del database : La riga corrente e' vuota
2024-09-09 18:17:48.021779 | errore alla linea 237 del database : La riga corrente e' vuota
2024-09-09 18:17:48.022131 | errore alla linea 239 del database : La riga corrente e' vuota
2024-09-09 18:17:48.022487 | errore alla linea 241 del database : La riga corrente e' vuota
2024-09-09 18:17:48.022838 | errore alla linea 243 del database : La riga corrente e' vuota
2024-09-09 18:17:48.023192 | errore alla linea 245 del database : La riga corrente e' vuota
2024-09-09 18:17:48.023541 | errore alla linea 247 del database : La riga corrente e' vuota
2024-09-09 18:17:48.023888 | errore alla linea 249 del database : La riga corrente e' vuota
2024-09-09 18:17:48.024236 | errore alla linea 251 del database : La riga corrente e' vuota
2024-09-09 18:17:48.024588 | errore alla linea 253 del database : La riga corrente e' vuota
2024-09-09 18:17:48.024935 | errore alla linea 255 del database : La riga corrente e' vuota
2024-09-09 18:17:48.025288 | errore alla linea 257 del database : La riga corrente e' vuota
2024-09-09 18:17:48.025639 | errore alla linea 259 del database : La riga corrente e' vuota
2024-09-09 18:17:48.025987 | errore alla linea 261 del database : La riga corrente e' vuota
2024-09-09 18:17:48.026335 | errore alla linea 263 del database : La riga corrente e' vuota
2024-09-09 18:17:48.026732 | errore alla linea 265 del database : La riga corrente e' vuota
2024-09-09 18:17:48.027092 | errore alla linea 267 del database : La riga corrente e' vuota
2024-09-09 18:17:48.027446 | errore alla linea 269 del database : La riga corrente e' vuota
2024-09-09 18:17:48.027804 | errore alla linea 271 del database : La riga corrente e' vuota
2024-09-09 18:17:48.028160 | errore alla linea 273 del database : La riga corrente e' vuota
2024-09-09 18:17:48.028524 | errore alla linea 275 del database : La riga corrente e' vuota
2024-09-09 18:17:48.028888 | errore alla linea 277 del database : La riga corrente e' vuota
2024-09-09 18:17:48.029250 | errore alla linea 279 del database : La riga corrente e' vuota
2024-09-09 18:17:48.029621 | errore alla linea 281 del database : La riga corrente e' vuota
2024-09-09 18:17:48.030058 | errore alla linea 283 del database : La riga corrente e' vuota
2024-09-09 18:17:48.030300 | errore alla linea 284 del database : non è stato possibile modificare i punti dell' utente Bovo Cristian della classe 4BI. Controlla se ci sono errori nella scrittura del suo nome o se non è stato aggiunto ad una classe nel corrispettivo foglio .xlsx
2024-09-09 18:17:48.030363 | errore alla linea 285 del database : La riga corrente e' vuota
2024-09-09 18:17:48.030652 | errore alla linea 287 del database : La riga corrente e' vuota
2024-09-09 18:17:48.031015 | errore alla linea 289 del database : La riga corrente e' vuota
2024-09-09 18:17:48.031389 | errore alla linea 291 del database : La riga corrente e' vuota
2024-09-09 18:17:48.031758 | errore alla linea 293 del database : La riga corrente e' vuota
2024-09-09 18:17:48.032133 | errore alla linea 295 del database : La riga corrente e' vuota
2024-09-09 18:17:48.032506 | errore alla linea 297 del database : La riga corrente e' vuota
2024-09-09 18:17:48.032881 | errore alla linea 299 del database : La riga corrente e' vuota
2024-09-09 18:17:48.033248 | errore alla linea 301 del database : La riga corrente e' vuota
2024-09-09 18:17:48.033620 | errore alla linea 303 del database : La riga corrente e' vuota
2024-09-09 18:17:48.034030 | errore alla linea 305 del database : La riga corrente e' vuota
2024-09-09 18:17:48.034860 | errore alla linea 307 del database : La riga corrente e' vuota
2024-09-09 18:17:48.035447 | errore alla linea 309 del database : La riga corrente e' vuota
2024-09-09 18:17:48.035902 | errore alla linea 311 del database : La riga corrente e' vuota
2024-09-09 18:17:48.036330 | errore alla linea 313 del database : La riga corrente e' vuota
2024-09-09 18:17:48.036746 | errore alla linea 315 del database : La riga corrente e' vuota
2024-09-09 18:17:48.037148 | errore alla linea 317 del database : La riga corrente e' vuota
2024-09-09 18:17:48.037557 | errore alla linea 319 del database : La riga corrente e' vuota
2024-09-09 18:17:48.037948 | errore alla linea 321 del database : La riga corrente e' vuota
2024-09-09 18:17:48.038326 | errore alla linea 323 del database : La riga corrente e' vuota
2024-09-09 18:17:48.038697 | errore alla linea 325 del database : La riga corrente e' vuota
2024-09-09 18:17:48.039065 | errore alla linea 327 del database : La riga corrente e' vuota
2024-09-09 18:17:48.039429 | errore alla linea 329 del database : La riga corrente e' vuota
2024-09-09 18:17:48.039792 | errore alla linea 331 del database : La riga corrente e' vuota
2024-09-09 18:17:48.040158 | errore alla linea 333 del database : La riga corrente e' vuota
2024-09-09 18:17:48.040524 | errore alla linea 335 del database : La riga corrente e' vuota
2024-09-09 18:17:48.040767 | errore alla linea 336 del database : non è stato possibile modificare i punti dell' utente Bovo Cristian della classe 4BI. Controlla se ci sono errori nella scrittura del suo nome o se non è stato aggiunto ad una classe nel corrispettivo foglio .xlsx
2024-09-09 18:17:48.040834 | errore alla linea 337 del database : La riga corrente e' vuota
2024-09-09 18:17:48.041123 | errore alla linea 339 del database : La riga corrente e' vuota
2024-09-09 18:17:48.041558 | errore alla linea 341 del database : La riga corrente e' vuota
2024-09-09 18:17:48.041915 | errore alla linea 343 del database : La riga corrente e' vuota
2024-09-09 18:17:48.042266 | errore alla linea 345 del database : La riga corrente e' vuota
2024-09-09 18:17:48.042620 | errore alla linea 347 del database : La riga corrente e' vuota
2024-09-09 18:17:48.042970 | errore alla linea 349 del database : La riga corrente e' vuota
2024-09-09 18:17:48.043319 | errore alla linea 351 del database : La riga corrente e' vuota
2024-09-09 18:17:48.043665 | errore alla linea 353 del database : La riga corrente e' vuota
2024-09-09 18:17:48.044014 | errore alla linea 355 del database : La riga corrente e' vuota
2024-09-09 18:17:48.044357 | errore alla linea 357 del database : La riga corrente e' vuota
2024-09-09 18:17:48.044702 | errore alla linea 359 del database : La riga corrente e' vuota
2024-09-09 18:17:48.045047 | errore alla linea 361 del database : La riga corrente e' vuota
2024-09-09 18:17:48.045396 | errore alla linea 363 del database : La riga corrente e' vuota
2024-09-09 18:17:48.045749 | errore alla linea 365 del database : La riga corrente e' vuota
2024-09-09 18:17:48.046100 | errore alla linea 367 del database : La riga corrente e' vuota
2024-09-09 18:17:48.046444 | errore alla linea 369 del database : La riga corrente e' vuota
2024-09-09 18:17:48.046660 | errore alla linea 370 del database : non è stato possibile modificare i punti dell' utente Bovo Cristian della classe 4BI. Controlla se ci sono errori nella scrittura del suo nome o se non è stato aggiunto ad una classe nel corrispettivo foglio .xlsx
2024-09-09 18:17:48.046702 | errore alla linea 371 del database : La riga corrente e' vuota
2024-09-09 18:17:48.046965 | errore alla linea 373 del database : La riga corrente e' vuota
2024-09-09 18:17:48.047305 | errore alla linea 375 del database : La riga corrente e' vuota
2024-09-09 18:17:48.047650 | errore alla linea 377 del database : La riga corrente e' vuota
2024-09-09 18:17:48.047999 | errore alla linea 379 del database : La riga corrente e' vuota
2024-09-09 18:17:48.048345 | errore alla linea 381 del database : La riga corrente e' vuota
2024-09-09 18:17:48.048689 | errore alla linea 383 del database : La riga corrente e' vuota
2024-09-09 18:17:48.049031 | errore alla linea 385 del database : La riga corrente e' vuota
2024-09-09 18:17:48.049372 | errore alla linea 387 del database : La riga corrente e' vuota
2024-09-09 18:17:48.049721 | errore alla linea 389 del database : La riga corrente e' vuota
2024-09-09 18:17:48.050062 | errore alla linea 391 del database : La riga corrente e' vuota
2024-09-09 18:17:48.050403 | errore alla linea 393 del database : La riga corrente e' vuota
2024-09-09 18:17:48.050745 | errore alla linea 395 del database : La riga corrente e' vuota
2024-09-09 18:17:48.051085 | errore alla linea 397 del database : La riga corrente e' vuota
2024-09-09 18:17:48.051420 | errore alla linea 399 del database : La riga corrente e' vuota
2024-09-09 18:17:48.051762 | errore alla linea 401 del database : La riga corrente e' vuota
2024-09-09 18:17:48.052104 | errore alla linea 403 del database : La riga corrente e' vuota
2024-09-09 18:17:48.052444 | errore alla linea 405 del database : La riga corrente e' vuota
2024-09-09 18:17:48.052785 | errore alla linea 407 del database : La riga corrente e' vuota
2024-09-09 18:17:48.053127 | errore alla linea 409 del database : La riga corrente e' vuota
2024-09-09 18:17:48.053465 | errore alla linea 411 del database : La riga corrente e' vuota
2024-09-09 18:17:48.053803 | errore alla linea 413 del database : La riga corrente e' vuota
2024-09-09 18:17:48.054139 | errore alla linea 415 del database : La riga corrente e' vuota
2024-09-09 18:17:48.054475 | errore alla linea 417 del database : La riga corrente e' vuota
2024-09-09 18:17:48.054809 | errore alla linea 419 del database : La riga corrente e' vuota
2024-09-09 18:17:48.055148 | errore alla linea 421 del database : La riga corrente e' vuota
2024-09-09 18:17:48.055533 | errore alla linea 423 del database : La riga corrente e' vuota
2024-09-09 18:17:48.055879 | errore alla linea 425 del database : La riga corrente e' vuota
2024-09-09 18:17:48.056229 | errore alla linea 427 del database : La riga corrente e' vuota
2024-09-09 18:17:48.056573 | errore alla linea 429 del database : La riga corrente e' vuota
2024-09-09 18:17:48.056914 | errore alla linea 431 del database : La riga corrente e' vuota
2024-09-09 18:17:48.057257 | errore alla linea 433 del database : La riga corrente e' vuota
2024-09-09 18:17:48.057598 | errore alla linea 435 del database : La riga corrente e' vuota
2024-09-09 18:17:48.057938 | errore alla linea 437 del database : La riga corrente e' vuota
2024-09-09 18:17:48.058280 | errore alla linea 439 del database : La riga corrente e' vuota
2024-09-09 18:17:48.058620 | errore alla linea 441 del database : La riga corrente e' vuota
2024-09-09 18:17:48.058959 | errore alla linea 443 del database : La riga corrente e' vuota
2024-09-09 18:17:48.059299 | errore alla linea 445 del database : La riga corrente e' vuota
2024-09-09 18:17:48.059639 | errore alla linea 447 del database : La riga corrente e' vuota
2024-09-09 18:17:48.059980 | errore alla linea 449 del database : La riga corrente e' vuota
2024-09-09 18:17:48.060320 | errore alla linea 451 del database : La riga corrente e' vuota
2024-09-09 18:17:48.060659 | errore alla linea 453 del database : La riga corrente e' vuota
2024-09-09 18:17:48.060999 | errore alla linea 455 del database : La riga corrente e' vuota
2024-09-09 18:17:48.061340 | errore alla linea 457 del database : La riga corrente e' vuota
2024-09-09 18:17:48.061682 | errore alla linea 459 del database : La riga corrente e' vuota
2024-09-09 18:17:48.062021 | errore alla linea 461 del database : La riga corrente e' vuota
2024-09-09 18:17:48.062362 | errore alla linea 463 del database : La riga corrente e' vuota
2024-09-09 18:17:48.062703 | errore alla linea 465 del database : La riga corrente e' vuota
2024-09-09 18:17:48.063045 | errore alla linea 467 del database : La riga corrente e' vuota
2024-09-09 18:17:48.063386 | errore alla linea 469 del database : La riga corrente e' vuota
2024-09-09 18:17:48.063726 | errore alla linea 471 del database : La riga corrente e' vuota
2024-09-09 18:17:48.064068 | errore alla linea 473 del database : La riga corrente e' vuota
2024-09-09 18:17:48.064410 | errore alla linea 475 del database : La riga corrente e' vuota
2024-09-09 18:17:48.064752 | errore alla linea 477 del database : La riga corrente e' vuota
2024-09-09 18:17:48.065092 | errore alla linea 479 del database : La riga corrente e' vuota
2024-09-09 18:17:48.065430 | errore alla linea 481 del database : La riga corrente e' vuota
2024-09-09 18:17:48.065645 | errore alla linea 482 del database : non è stato possibile modificare i punti dell' utente Bertazzo Giorgio della classe 3CI. Controlla se ci sono errori nella scrittura del suo nome o se non è stato aggiunto ad una classe nel corrispettivo foglio .xlsx
2024-09-09 18:17:48.065692 | errore alla linea 483 del database : La riga corrente e' vuota
2024-09-09 18:17:48.065953 | errore alla linea 485 del database : La riga corrente e' vuota
2024-09-09 18:17:48.066295 | errore alla linea 487 del database : La riga corrente e' vuota
2024-09-09 18:17:48.066635 | errore alla linea 489 del database : La riga corrente e' vuota
2024-09-09 18:17:48.066979 | errore alla linea 491 del database : La riga corrente e' vuota
2024-09-09 18:17:48.067331 | errore alla linea 493 del database : La riga corrente e' vuota
2024-09-09 18:17:48.067679 | errore alla linea 495 del database : La riga corrente e' vuota
2024-09-09 18:17:48.068023 | errore alla linea 497 del database : La riga corrente e' vuota
2024-09-09 18:17:48.068364 | errore alla linea 499 del database : La riga corrente e' vuota
2024-09-09 18:17:48.068706 | errore alla linea 501 del database : La riga corrente e' vuota
2024-09-09 18:17:48.069048 | errore alla linea 503 del database : La riga corrente e' vuota
2024-09-09 18:17:48.069389 | errore alla linea 505 del database : La riga corrente e' vuota
2024-09-09 18:17:48.069766 | errore alla linea 507 del database : La riga corrente e' vuota
2024-09-09 18:17:48.070106 | errore alla linea 509 del database : La riga corrente e' vuota
2024-09-09 18:17:48.070446 | errore alla linea 511 del database : La riga corrente e' vuota
2024-09-09 18:17:48.070787 | errore alla linea 513 del database : La riga corrente e' vuota
2024-09-09 18:17:48.071130 | errore alla linea 515 del database : La riga corrente e' vuota
2024-09-09 18:17:48.071471 | errore alla linea 517 del database : La riga corrente e' vuota
2024-09-09 18:17:48.071813 | errore alla linea 519 del database : La riga corrente e' vuota
2024-09-09 18:17:48.072156 | errore alla linea 521 del database : La riga corrente e' vuota
2024-09-09 18:17:48.072499 | errore alla linea 523 del database : La riga corrente e' vuota
2024-09-09 18:17:48.072843 | errore alla linea 525 del database : La riga corrente e' vuota
2024-09-09 18:17:48.073185 | errore alla linea 527 del database : La riga corrente e' vuota
2024-09-09 18:17:48.073525 | errore alla linea 529 del database : La riga corrente e' vuota
2024-09-09 18:17:48.073869 | errore alla linea 531 del database : La riga corrente e' vuota
2024-09-09 18:17:48.074208 | errore alla linea 533 del database : La riga corrente e' vuota
2024-09-09 18:17:48.074550 | errore alla linea 535 del database : La riga corrente e' vuota
2024-09-09 18:17:48.074887 | errore alla linea 537 del database : La riga corrente e' vuota
2024-09-09 18:17:48.075227 | errore alla linea 539 del database : La riga corrente e' vuota
2024-09-09 18:17:48.075568 | errore alla linea 541 del database : La riga corrente e' vuota
2024-09-09 18:17:48.075906 | errore alla linea 543 del database : La riga corrente e' vuota
2024-09-09 18:17:48.076246 | errore alla linea 545 del database : La riga corrente e' vuota
2024-09-09 18:17:48.076587 | errore alla linea 547 del database : La riga corrente e' vuota
2024-09-09 18:17:48.076925 | errore alla linea 549 del database : La riga corrente e' vuota
2024-09-09 18:17:48.077263 | errore alla linea 551 del database : La riga corrente e' vuota
2024-09-09 18:17:48.077608 | errore alla linea 553 del database : La riga corrente e' vuota
2024-09-09 18:17:48.077949 | errore alla linea 555 del database : La riga corrente e' vuota
2024-09-09 18:17:48.078295 | errore alla linea 557 del database : La riga corrente e' vuota
2024-09-09 18:17:48.078633 | errore alla linea 559 del database : La riga corrente e' vuota
2024-09-09 18:17:48.078970 | errore alla linea 561 del database : La riga corrente e' vuota
2024-09-09 18:17:48.079313 | errore alla linea 563 del database : La riga corrente e' vuota
2024-09-09 18:17:48.079654 | errore alla linea 565 del database : La riga corrente e' vuota
2024-09-09 18:17:48.079996 | errore alla linea 567 del database : La riga corrente e' vuota
2024-09-09 18:17:48.080336 | errore alla linea 569 del database : La riga corrente e' vuota
2024-09-09 18:17:48.080678 | errore alla linea 571 del database : La riga corrente e' vuota
2024-09-09 18:17:48.081020 | errore alla linea 573 del database : La riga corrente e' vuota
2024-09-09 18:17:48.081360 | errore alla linea 575 del database : La riga corrente e' vuota
2024-09-09 18:17:48.081701 | errore alla linea 577 del database : La riga corrente e' vuota
2024-09-09 18:17:48.082041 | errore alla linea 579 del database : La riga corrente e' vuota
2024-09-09 18:17:48.082383 | errore alla linea 581 del database : La riga corrente e' vuota
2024-09-09 18:17:48.082596 | errore alla linea 582 del database : non è stato possibile modificare i punti dell' utente Bertazzo Giorgio della classe 3CI. Controlla se ci sono errori nella scrittura del suo nome o se non è stato aggiunto ad una classe nel corrispettivo foglio .xlsx
2024-09-09 18:17:48.082642 | errore alla linea 583 del database : La riga corrente e' vuota
2024-09-09 18:17:48.082905 | errore alla linea 585 del database : La riga corrente e' vuota
2024-09-09 18:17:48.083246 | errore alla linea 587 del database : La riga corrente e' vuota
2024-09-09 18:17:48.083616 | errore alla linea 589 del database : La riga corrente e' vuota
2024-09-09 18:17:48.083964 | errore alla linea 591 del database : La riga corrente e' vuota
2024-09-09 18:17:48.084311 | errore alla linea 593 del database : La riga corrente e' vuota
2024-09-09 18:17:48.084655 | errore alla linea 595 del database : La riga corrente e' vuota
2024-09-09 18:17:48.085000 | errore alla linea 597 del database : La riga corrente e' vuota
2024-09-09 18:17:48.085344 | errore alla linea 599 del database : La riga corrente e' vuota
2024-09-09 18:17:48.085562 | errore alla linea 600 del database : non è stato possibile modificare i punti dell' utente Bovo Cristian della classe 4BI. Controlla se ci sono errori nella scrittura del suo nome o se non è stato aggiunto ad una classe nel corrispettivo foglio .xlsx
2024-09-09 18:17:48.085612 | errore alla linea 601 del database : La riga corrente e' vuota
2024-09-09 18:17:48.085880 | errore alla linea 603 del database : La riga corrente e' vuota
2024-09-09 18:17:48.086229 | errore alla linea 605 del database : La riga corrente e' vuota
2024-09-09 18:17:48.086577 | errore alla linea 607 del database : La riga corrente e' vuota
2024-09-09 18:17:48.086926 | errore alla linea 609 del database : La riga corrente e' vuota
2024-09-09 18:17:48.087274 | errore alla linea 611 del database : La riga corrente e' vuota
2024-09-09 18:17:48.087621 | errore alla linea 613 del database : La riga corrente e' vuota
2024-09-09 18:17:48.087968 | errore alla linea 615 del database : La riga corrente e' vuota
2024-09-09 18:17:48.088317 | errore alla linea 617 del database : La riga corrente e' vuota
2024-09-09 18:17:48.088666 | errore alla linea 619 del database : La riga corrente e' vuota
2024-09-09 18:17:48.089014 | errore alla linea 621 del database : La riga corrente e' vuota
2024-09-09 18:17:48.089360 | errore alla linea 623 del database : La riga corrente e' vuota
2024-09-09 18:17:48.089707 | errore alla linea 625 del database : La riga corrente e' vuota
2024-09-09 18:17:48.090055 | errore alla linea 627 del database : La riga corrente e' vuota
2024-09-09 18:17:48.090401 | errore alla linea 629 del database : La riga corrente e' vuota
2024-09-09 18:17:48.090748 | errore alla linea 631 del database : La riga corrente e' vuota
2024-09-09 18:17:48.090968 | errore alla linea 632 del database : non è stato possibile modificare i punti dell' utente Bertazzo Giorgio della classe 3CI. Controlla se ci sono errori nella scrittura del suo nome o se non è stato aggiunto ad una classe nel corrispettivo foglio .xlsx
2024-09-09 18:17:48.091019 | errore alla linea 633 del database : La riga corrente e' vuota
2024-09-09 18:17:48.091292 | errore alla linea 635 del database : La riga corrente e' vuota
2024-09-09 18:17:48.091640 | errore alla linea 637 del database : La riga corrente e' vuota
2024-09-09 18:17:48.091990 | errore alla linea 639 del database : La riga corrente e' vuota
2024-09-09 18:17:48.092338 | errore alla linea 641 del database : La riga corrente e' vuota
2024-09-09 18:17:48.092686 | errore alla linea 643 del database : La riga corrente e' vuota
2024-09-09 18:17:48.093031 | errore alla linea 645 del database : La riga corrente e' vuota
2024-09-09 18:17:48.093378 | errore alla linea 647 del database : La riga corrente e' vuota
2024-09-09 18:17:48.093726 | errore alla linea 649 del database : La riga corrente e' vuota
2024-09-09 18:17:48.094072 | errore alla linea 651 del database : La riga corrente e' vuota
2024-09-09 18:17:48.094421 | errore alla linea 653 del database : La riga corrente e' vuota
2024-09-09 18:17:48.094765 | errore alla linea 655 del database : La riga corrente e' vuota
2024-09-09 18:17:48.095109 | errore alla linea 657 del database : La riga corrente e' vuota
2024-09-09 18:17:48.095453 | errore alla linea 659 del database : La riga corrente e' vuota
2024-09-09 18:17:48.095799 | errore alla linea 661 del database : La riga corrente e' vuota
2024-09-09 18:17:48.096145 | errore alla linea 663 del database : La riga corrente e' vuota
2024-09-09 18:17:48.096494 | errore alla linea 665 del database : La riga corrente e' vuota
2024-09-09 18:17:48.096879 | errore alla linea 667 del database : La riga corrente e' vuota
2024-09-09 18:17:48.097214 | errore alla linea 669 del database : La riga corrente e' vuota
2024-09-09 18:17:48.097547 | errore alla linea 671 del database : La riga corrente e' vuota
2024-09-09 18:17:48.097879 | errore alla linea 673 del database : La riga corrente e' vuota
2024-09-09 18:17:48.098212 | errore alla linea 675 del database : La riga corrente e' vuota
2024-09-09 18:17:48.098545 | errore alla linea 677 del database : La riga corrente e' vuota
2024-09-09 18:17:48.098878 | errore alla linea 679 del database : La riga corrente e' vuota
2024-09-09 18:17:48.099213 | errore alla linea 681 del database : La riga corrente e' vuota
2024-09-09 18:17:48.099552 | errore alla linea 683 del database : La riga corrente e' vuota
2024-09-09 18:17:48.099885 | errore alla linea 685 del database : La riga corrente e' vuota
2024-09-09 18:17:48.100219 | errore alla linea 687 del database : La riga corrente e' vuota
2024-09-09 18:17:48.100554 | errore alla linea 689 del database : La riga corrente e' vuota
2024-09-09 18:17:48.100888 | errore alla linea 691 del database : La riga corrente e' vuota
2024-09-09 18:17:48.101221 | errore alla linea 693 del database : La riga corrente e' vuota
2024-09-09 18:17:48.101552 | errore alla linea 695 del database : La riga corrente e' vuota
2024-09-09 18:17:48.101888 | errore alla linea 697 del database : La riga corrente e' vuota
2024-09-09 18:17:48.102227 | errore alla linea 699 del database : La riga corrente e' vuota
2024-09-09 18:17:48.102565 | errore alla linea 701 del database : La riga corrente e' vuota
2024-09-09 18:17:48.102900 | errore alla linea 703 del database : La riga corrente e' vuota
2024-09-09 18:17:48.103234 | errore alla linea 705 del database : La riga corrente e' vuota
2024-09-09 18:17:48.103565 | errore alla linea 707 del database : La riga corrente e' vuota
2024-09-09 18:17:48.103901 | errore alla linea 709 del database : La riga corrente e' vuota
2024-09-09 18:17:48.104231 | errore alla linea 711 del database : La riga corrente e' vuota
2024-09-09 18:17:48.104566 | errore alla linea 713 del database : La riga corrente e' vuota
2024-09-09 18:17:48.104902 | errore alla linea 715 del database : La riga corrente e' vuota
2024-09-09 18:17:48.105238 | errore alla linea 717 del database : La riga corrente e' vuota
2024-09-09 18:17:48.105574 | errore alla linea 719 del database : La riga corrente e' vuota
2024-09-09 18:17:48.105909 | errore alla linea 721 del database : La riga corrente e' vuota
2024-09-09 18:17:48.106242 | errore alla linea 723 del database : La riga corrente e' vuota
2024-09-09 18:17:48.106576 | errore alla linea 725 del database : La riga corrente e' vuota
2024-09-09 18:17:48.106911 | errore alla linea 727 del database : La riga corrente e' vuota
2024-09-09 18:17:48.107243 | errore alla linea 729 del database : La riga corrente e' vuota
2024-09-09 18:17:48.107576 | errore alla linea 731 del database : La riga corrente e' vuota
2024-09-09 18:17:48.107907 | errore alla linea 733 del database : La riga corrente e' vuota
2024-09-09 18:17:48.108238 | errore alla linea 735 del database : La riga corrente e' vuota
2024-09-09 18:17:48.108571 | errore alla linea 737 del database : La riga corrente e' vuota
2024-09-09 18:17:48.108904 | errore alla linea 739 del database : La riga corrente e' vuota
2024-09-09 18:17:48.109240 | errore alla linea 741 del database : La riga corrente e' vuota
2024-09-09 18:17:48.109576 | errore alla linea 743 del database : La riga corrente e' vuota
2024-09-09 18:17:48.109909 | errore alla linea 745 del database : La riga corrente e' vuota
2024-09-09 18:17:48.110242 | errore alla linea 747 del database : La riga corrente e' vuota
2024-09-09 18:17:48.110578 | errore alla linea 749 del database : La riga corrente e' vuota
2024-09-09 18:17:48.110916 | errore alla linea 751 del database : La riga corrente e' vuota
2024-09-09 18:17:48.111253 | errore alla linea 753 del database : La riga corrente e' vuota
2024-09-09 18:17:48.111626 | errore alla linea 755 del database : La riga corrente e' vuota
2024-09-09 18:17:48.111963 | errore alla linea 757 del database : La riga corrente e' vuota
2024-09-09 18:17:48.112297 | errore alla linea 759 del database : La riga corrente e' vuota
2024-09-09 18:17:48.112635 | errore alla linea 761 del database : La riga corrente e' vuota
2024-09-09 18:17:48.113257 | errore alla linea 763 del database : La riga corrente e' vuota
2024-09-09 18:17:48.113758 | errore alla linea 765 del database : La riga corrente e' vuota
2024-09-09 18:17:48.114188 | errore alla linea 767 del database : La riga corrente e' vuota
2024-09-09 18:17:48.114589 | errore alla linea 769 del database : La riga corrente e' vuota
2024-09-09 18:17:48.114973 | errore alla linea 771 del database : La riga corrente e' vuota
2024-09-09 18:17:48.115354 | errore alla linea 773 del database : La riga corrente e' vuota
2024-09-09 18:17:48.115727 | errore alla linea 775 del database : La riga corrente e' vuota
2024-09-09 18:17:48.116086 | errore alla linea 777 del database : La riga corrente e' vuota
2024-09-09 18:17:48.116439 | errore alla linea 779 del database : La riga corrente e' vuota
2024-09-09 18:17:48.116785 | errore alla linea 781 del database : La riga corrente e' vuota
2024-09-09 18:17:48.117133 | errore alla linea 783 del database : La riga corrente e' vuota
2024-09-09 18:17:48.117476 | errore alla linea 785 del database : La riga corrente e' vuota
2024-09-09 18:17:48.117691 | errore alla linea 786 del database : non è stato possibile modificare i punti dell' utente Bovo Cristian della classe 4BI. Controlla se ci sono errori nella scrittura del suo nome o se non è stato aggiunto ad una classe nel corrispettivo foglio .xlsx
2024-09-09 18:17:48.117734 | errore alla linea 787 del database : La riga corrente e' vuota
2024-09-09 18:17:48.117997 | errore alla linea 789 del database : La riga corrente e' vuota
2024-09-09 18:17:48.118343 | errore alla linea 791 del database : La riga corrente e' vuota
2024-09-09 18:17:48.118690 | errore alla linea 793 del database : La riga corrente e' vuota
2024-09-09 18:17:48.119032 | errore alla linea 795 del database : La riga corrente e' vuota
2024-09-09 18:17:48.119375 | errore alla linea 797 del database : La riga corrente e' vuota
2024-09-09 18:17:48.119718 | errore alla linea 799 del database : La riga corrente e' vuota
2024-09-09 18:17:48.120064 | errore alla linea 801 del database : La riga corrente e' vuota
2024-09-09 18:17:48.120407 | errore alla linea 803 del database : La riga corrente e' vuota
2024-09-09 18:17:48.120787 | errore alla linea 805 del database : La riga corrente e' vuota
2024-09-09 18:17:48.121132 | errore alla linea 807 del database : La riga corrente e' vuota
2024-09-09 18:17:48.121473 | errore alla linea 809 del database : La riga corrente e' vuota
2024-09-09 18:17:48.121817 | errore alla linea 811 del database : La riga corrente e' vuota
2024-09-09 18:17:48.122152 | errore alla linea 813 del database : La riga corrente e' vuota
